23062
6696
5176
18936
6609
2026
3207
47654
923
78650
24212
41350
67102
53799
92375
68592
79551
58354
97125
97800
59606
56223
40255
90497
41903
17511
16219
24718
99630
5067
94205
22692
28114
99380
57979
34723
1405
77537
82376
18679
56187
22939
76380
39640
76738
85106
8232
72640
43459
21708
70439
3065
77930
10694
93561
36185
44556
26131
77254
44186
31198
71458
83229
59311
87189
41207
10385
4945
18744
92761
23623
74930
15699
16354
30921
8788
1459
55504
81427
44918
77211
68218
47982
71493
95263
57894
7677
56170
376
1282
355
31573
89092
99935
7236
76280
41142
33972
81225
59885
43084
21199
51166
75135
37553
98438
83922
55363
53942
81701
280
47504
49918
64613
35348
61532
38858
43024
17701
39234
60658
34408
87158
49749
34342
10745
26028
75483
61069
23604
51719
4152
44803
19236
79286
98707
34026
79560
54069
87967
61260
70701
51822
27529
51665
87170
89060
90523
46545
6760
46108
7202
57519
49617
73302
91861
76714
99330
83695
37782
39285
35414
41933
84087
71001
37571
99145
5026
17130
69566
9344
94741
40266
77518
22269
91930
64687
11328
98804
27583
34439
61263
34785
91958
27232
8086
170
3945
23767
83864
58078
63052
35629
16362
63490
6630
53932
78987
28007
87413
48552
53703
82153
88817
31220
20773
97098
12258
32100
12254
39840
82891
89868
90976
91200
17099
15414
91369
37395
39180
75232
95472
18583
27213
28186
98425
50194
98469
77411
78200
85882
42314
31902
84386
31130
79473
5159
44579
91730
53610
73184
31570
36500
63052
38897
44051
80150
54310
35419
33897
9842
27003
29368
28424
54215
57553
43200
4408
56022
36962
98959
58255
79275
47213
42640
26756
26685
64150
71335
34767
17760
60870
82688
70611
23921
21584
14662
20423
75894
66432
54319
85735
93434
38
30510
64000
73943
73710
84759
29964
10671
83718
4570
6298
30930
63561
33053
73966
27711
20739
25084
45470
81609
7771
16080
5529
29355
47093
25951
21600
13525
96621
7334
23310
96659
54195
87310
70601
44256
88420
16916
71279
72137
21485
77576
19418
85045
10628
9736
29107
31367
34819
74576
12975
42590
7008
34855
88296
54100
77158
9895
83976
73778
33580
7286
70436
87774
10947
41036
32030
99366
74303
3308
87855
95787
97235
23624
97184
7862
49711
42642
39228
84530
17218
68554
43471
40577
3409
48118
11028
80566
74364
95004
54343
7943
18641
41131
12068
45939
98518
60449
61656
72821
80108
65862
84959
77342
89486
98494
85204
39196
41136
40783
40077
74705
9337
99899
15281
29097
48016
42660
9662
22379
54015
80356
46673
72655
21486
75093
34945
20004
35541
96601
9176
15649
62462
94134
9342
68299
8980
94545
23847
50115
51680
80275
41171
77368
80174
72803
6464
44541
15462
32477
66920
69477
12832
29944
58483
50670
5036
93428
87025
40577
6380
96200
72577
85193
6685
98270
53492
32016
9167
93690
82130
60846
73964
39652
38213
54137
12454
61028
98678
27916
93504
81949
13744
22687
28244
72226
73356
33280
82005
76732
90208
88384
89283
79136
73577
12320
77405
43420
44335
86571
53461
42817
63768
27424
82468
18332
97913
94922
79359
12942
39189
89214
94890
69284
11901
39485
57861
1608
89116
39866
78340
79323
44601
83974
74810
34529
96293
68567
77948
40628
55137
47760
83444
35257
75184
82263
53588
73096
77184
32947
86037
32724
22160
97278
18359
50412
53114
76220
52020
42230
16085
46711
21552
77037
30684
12714
11566
26977
81280
5865
83956
52768
53625
67399
88024
45160
49661
41612
18255
43197
90910
20643
92272
29421
34272
10631
79833
87385
86850
31852
29614
19286
94914
67518
12674
25597
80231
24239
68925
77862
46456
52880
30629
80
20278
35005
45239
86291
76616
79845
45839
83877
487
38110
13297
51110
65092
93129
38494
68293
41332
84460
3930
36245
68329
16604
78194
64911
40842
47118
42772
87297
99998
89752
3728
36627
24756
48966
39269
17723
45162
85107
1599
62000
39569
14896
13109
21012
24376
67955
89305
65708
52414
9586
18304
20742
26189
12849
85652
83383
59967
44775
87031
76316
34526
90759
29294
75634
56076
68563
93356
1238
70021
11307
63237
25941
42554
76346
46953
66929
60652
52609
48988
13065
62194
83644
50158
4735
96492
35809
88117
56458
96935
91499
49125
31460
82257
78419
7093
54685
63333
16801
55922
33353
28107
35510
75646
70660
28207
22598
53940
88858
91558
2928
1922
70103
2923
52079
74837
99414
4239
79305
72224
17525
70804
21348
48985
69412
16118
72429
24096
79450
89229
96369
29155
33687
31879
4800
4346
60085
43749
74638
48943
35306
93917
67216
21760
96839
35647
12949
12604
39885
8605
84827
57410
95760
22527
22746
65172
38644
11526
89267
34446
755
1988
79952
50793
33866
1103
55139
93950
44851
46128
42892
96508
40044
26460
18267
53234
62106
47567
65837
1990
56172
50664
75751
51931
89542
14848
17102
44537
26374
22721
95334
43480
24708
75285
94272
58573
76387
65762
68874
21237
11889
28118
34096
68284
54577
52363
21517
16682
99929
87354
35023
72452
54369
27126
24383
43910
41973
57836
88446
84698
80556
83780
44529
21615
59064
38801
96539
51803
20914
65413
89391
49155
9882
23487
17438
64458
92201
38955
97491
8481
26308
32513
80933
97028
59638
5315
40937
17963
63150
29382
19012
60058
29513
63541
81672
4929
18693
94563
56731
39606
76327
62473
88760
86208
85959
22550
67017
78159
61504
64507
86640
4163
13371
83924
1190
89361
89238
42126
23675
68739
87859
42686
45148
33724
22578
26820
38652
57622
37734
11734
97228
14060
74206
2339
16619
76517
24888
83635
54675
2743
64493
57666
23257
77863
41589
24446
67223
47178
82923
90897
32269
87134
49935
77416
20857
72512
20587
75860
30134
58320
3945
43713
88731
94502
62403
5349
71018
3643
88983
42045
6385
69827
16062
45994
47690
74003
70439
14912
21180
53362
22161
69800
56847
72095
47216
94055
60958
67802
69914
7443
42474
90210
67507
31204
84711
29910
52905
72081
49904
41887
14125
72640
28066
30186
18633
75755
20540
89072
7018
58072
58785
29178
27871
15631
17624
75086
9685
94934
59240
95950
2376
1713
86159
69883
49268
87221
16144
2172
59301
66047
60411
89777
38686
88476
36315
57319
64230
56854
62742
87599
14925
37878
33129
42796
69860
50752
34233
95896
45685
9824
91845
64413
27888
94355
50647
77156
81575
66790
95679
57228
49188
56089
47004
4225
